Aristotelianism, anti-Aristotelianism,        education, 51, 229–230; and poetry,
   4–10, 13, 23, 26, 42, 86, 96, 100, 115,       41–43
   122, 145, 161, 163, 164, 168–171,          elements, 10, 14, 17, 47, 48, 115–117,
   186–188, 208–209, 212, 231–232                121, 154, 187, 189
astrology, 11–12, 71, 86, 124, 127,           ens rationis, 10
   172–180, 220–221, 225–226, 259,            equality, inequality, 90, 91, 187, 231, 253
   262, 264                                   equity, see justice
astronomy, see cosmology                      evil, 81, 83, 92, 99, 103, 110, 113, 131,
atheism, 26, 77, 92, 136, 140                    144, 152, 185, 197, 208, 217–218,
atomism, 26, 115–116, 159, 165, 184,             253, 261
   236, 246–247
authority, 6, 63, 142–144, 255                fate, 12, 30, 48, 60, 206, 207
                                              fortune, 62, 90, 92, 109, 142, 234, 251
brain, 10, 27, 100, 119, 121, 191             freedom, 6, 36, 63, 68, 71, 75, 87,
breath, 12–13, 118                               111, 138, 150, 151, 158, 173, 184,
                                                 246–247, 258; see also libertas
Christianity, 60, 85, 87, 93, 102, 128,          philosophandi
   130–133, 141, 146, 148–149,                free will, 82, 173–174, 176, 177
   152–158, 216, 256; and science
   162–164, 167–169, 171                      government, 90, 92, 94, 140, 143, 145,
cold, 10, 11, 13, 47, 48, 49, 63, 111, 115,      147, 151
   116, 123, 161, 187, 190, 198, 206, 207,    geomancy, 31, 262
   218, 240                                   generation, 10, 11, 51, 100–101, 119, 183
conception, see generation                    God, 13, 38–40, 48, 54, 57, 60, 88, 92,
cosmos, cosmology, 9–11, 17,                     101, 104, 112–113, 117, 121, 123, 124,
   47, 86, 111, 113, 158, 162, 163,              131, 141, 142, 144, 148, 154, 156–158,
   210, 224.                                     167, 172, 201–202, 208–210, 213–214,
                                                 229, 237, 256, 260–261
devil, 2, 19, 20, 55, 112, 125, 133, 144,     good, 37, 50–51, 54, 81, 90–92, 99, 103,
   194, 209, 218, 223                            111, 122, 158, 185, 186, 197, 218, 254,
dominion, 60, 90, 141–142, 146, 185,             261; chief good, 53, 56, 184, 185–186,
   187, 256; see also authority                  187; common or public good, 91, 93,



                                                                                    279
280    Subject index

good (continued)                                  medicine, 10, 121, 124, 131, 148, 168,
99, 103, 117, 185, 188, 219, 226, 240;               188–200, 221
    see also virtue                               miracles, 76, 130, 133, 134, 209, 214
grace, 37–38, 167, 214, 260                       motion, 9, 10, 48, 119, 122, 160, 161,
                                                     190, 210
heat, 9, 10–13, 47, 48–50, 111, 115–116,
   118–119, 122–123, 154, 187, 189–190,           original sin, 14, 38, 132, 213
   194–195, 206–207, 209, 240
heavens, 9–13, 49, 80, 86, 98, 101, 111,          Papacy, 30, 92, 137, 140, 147, 148, 151,
   122, 209, 221, 226                                216, 250
heresy, 34, 64, 72, 74–76, 78, 79, 85, 93,        Platonism, Neo–Platonism, 2, 8, 19,
   148, 160, 162, 168, 172, 223, 225                 101, 103, 110, 128, 191, 209, 264
Hermeticism, Hermetic tradition, 8, 12,           poetry, 40–44, 95, 108
   87, 103, 110, 115, 209                         predestination, 37, 141, 248, 259–260
                                                  primalities, doctrine of the, 205,
idolatry, 154, 231                                   206–207, 213
imagination, 10, 47, 120, 202, 234,               privation, 9, 11, 47
    256, 257                                      prophecy, 60, 78, 82–83, 88, 94, 121, 122,
immortality (of the soul), see soul                  133, 168, 189, 193, 209, 214, 264
impiety, 141, 142, 163, 168, 172, 264;            providence, 13, 30, 48, 86, 92, 101, 131,
    of Aristotle, 13, 232; of Machiavelli,           168, 207, 237
    61, 170
Incarnation, 131, 132, 145, 157, 260              reason of state (ragion di stato), 61, 62,
indulgences, 36, 72                                   64, 91, 93, 127, 129, 133, 137, 140,
interpretation (of Scripture), 60, 86,                149, 168, 185
    163, 170                                      religion, 54, 103, 112, 124, 127, 129–131,
Islam, 71, 77, 87, 152, 157, 158, 162, 174,           133, 134, 135, 139, 140, 143, 145,
    212                                               147–148, 152–158, 209; natural, 90,
                                                      93, 101–102, 128, 131, 209, 221, 236;
justice, 39, 51, 62, 91, 97, 139, 151, 234, 261       and politics, 29, 36, 40, 59, 60, 61, 77,
                                                      92, 143, 168, 169, 171, 256
knowledge, 84, 95–96, 97, 98, 203,                Reformation, Counter–Reformation,
  204–205, 206, 232, 264                              29, 63, 92, 138, 213

law, 30, 38, 39, 63, 90–93, 98, 99,
    102–103, 113, 128, 130–132, 142,              sacraments, 14, 34, 36, 76, 102, 128,
    142, 144, 145, 147, 151, 152, 200,               133, 214
    201, 209, 257                                 salvation, 34, 38, 39, 158, 213, 260
libertas philosophandi, 5, 6, 149, 161,           sense, sensation, sensibility, sensus, 4,
    236                                              7, 28, 49–50, 114–127, 155, 158, 192,
liberty, see freedom                                 202–205
                                                  soul, 27, 41, 61, 81, 90, 92, 101, 110,
                                                     111–112, 114, 118–120, 124, 127, 131,
magic, 11, 16, 19, 123–127, 140,                     143, 148, 153–154,167, 168, 177, 198,
  189, 214, 221. 236; rhetoric as,                   203–206, 209–210, 218, 231; of the
  197–198, 234                                       world, 12, 13, 266
                                                                     Subject index      281

space, 46–47, 117–118, 164, 207                  tyranny, 30, 37, 39–40, 52, 54, 68, 84,
spirit, spiritus, 10, 12–13 , 49–53, 55,            93, 105, 109, 110, 142, 152, 180, 186,
   61, 76, 90, 92, 111–112, 114–116,                257, 258
   118–122, 124–125, 142, 143, 177, 185,
   187, 188–194, 204, 209, 210, 234, 252;        unity: political, 29, 36–37, 40, 58, 60,
   animal, 9, 27, 100, 117, 126                     61, 143, 156, 188, passim; religious,
superstition, 129, 176, 223, 231                    36–37, 44, 58, 61, 131
                                                 universal monarchy, 29, 57–60, 85, 106,
tarantism, 46                                       127, 141
theology, 13–14, 161, 164, 166–177,              utopia, 10, 67–74, 89, 95–104, 264
   210–214, 259–260
transubstantiation, 47                           vice, see evil
truth, 1, 4, 5, 14, 41, 42, 51, 102, 105, 109,   virtue, virtues, 41–43, 51–56, 82, 90, 95,
   129, 133, 157, 158, 162, 167, 172, 199,           99–100, 127–128, 131, 142, 154, 156,
   202–203, 212                                      185, 187, 214, 255
